102	100	0	5	1	4	7	94	0	10	92	21	89	1	1	0	1	1	19	102	81	22	102	102	102	102	102	74	29	102	102	102	102	102	102	68	37	70	46	102	61	42	102	102	102	102	102	102	102	52	0	0	0	0	0	0	0	0	0	0	0	0	0	0	0	0	0	0	0	0	0	0	0	0	0	0	0	0	0	0	0	0	0	0	0	0	0	0	0	0	0	0	0	0	0	0	0	0	0	0	0
100	102	2	7	3	6	5	96	2	8	94	19	91	3	3	2	3	3	17	100	83	20	100	100	100	100	100	76	27	100	100	100	100	100	100	70	35	72	44	100	63	40	100	100	100	100	100	100	100	52	0	0	0	0	0	0	0	0	0	0	0	0	0	0	0	0	0	0	0	0	0	0	0	0	0	0	0	0	0	0	0	0	0	0	0	0	0	0	0	0	0	0	0	0	0	0	0	0	0	0	0
0	2	102	97	101	98	95	8	102	92	10	81	13	101	101	102	101	101	83	0	21	80	0	0	0	0	0	28	73	0	0	0	0	0	0	34	65	32	56	0	41	60	0	0	0	0	0	0	0	0	0	0	0	0	0	0	0	0	0	0	0	0	0	0	0	0	0	0	0	0	0	0	0	0	0	0	0	0	0	0	0	0	0	0	0	0	0	0	0	0	0	0	0	0	0	0	0	0	0	0	0
5	7	97	102	98	101	92	11	97	89	15	86	16	98	98	97	98	98	80	5	22	79	5	5	5	5	5	29	72	5	5	5	5	5	5	37	66	37	61	5	40	61	5	5	5	5	5	5	5	2	0	0	0	0	0	0	0	0	0	0	0	0	0	0	0	0	0	0	0	0	0	0	0	0	0	0	0	0	0	0	0	0	0	0	0	0	0	0	0	0	0	0	0	0	0	0	0	0	0	0	0
1	3	101	98	102	97	96	7	101	93	11	82	12	102	100	101	102	100	84	1	20	81	1	1	1	1	1	27	74	1	1	1	1	1	1	35	66	33	57	1	40	61	1	1	1	1	1	1	1	0	0	0	0	0	0	0	0	0	0	0	0	0	0	0	0	0	0	0	0	0	0	0	0	0	0	0	0	0	0	0	0	0	0	0	0	0	0	0	0	0	0	0	0	0	0	0	0	0	0	0	0
4	6	98	101	97	102	91	12	98	88	14	85	17	97	99	98	97	99	79	4	23	78	4	4	4	4	4	30	71	4	4	4	4	4	4	36	65	36	60	4	41	60	4	4	4	4	4	4	4	2	0	0	0	0	0	0	0	0	0	0	0	0	0	0	0	0	0	0	0	0	0	0	0	0	0	0	0	0	0	0	0	0	0	0	0	0	0	0	0	0	0	0	0	0	0	0	0	0	0	0	0
7	5	95	92	96	91	102	1	95	99	5	88	6	96	94	95	96	94	90	7	14	87	7	7	7	7	7	21	80	7	7	7	7	7	7	29	72	29	63	7	34	67	7	7	7	7	7	7	7	0	0	0	0	0	0	0	0	0	0	0	0	0	0	0	0	0	0	0	0	0	0	0	0	0	0	0	0	0	0	0	0	0	0	0	0	0	0	0	0	0	0	0	0	0	0	0	0	0	0	0	0
94	96	8	11	7	12	1	102	8	2	98	13	97	7	9	8	7	9	11	94	89	14	94	94	94	94	94	82	21	94	94	94	94	94	94	74	29	74	38	94	69	34	94	94	94	94	94	94	94	52	0	0	0	0	0	0	0	0	0	0	0	0	0	0	0	0	0	0	0	0	0	0	0	0	0	0	0	0	0	0	0	0	0	0	0	0	0	0	0	0	0	0	0	0	0	0	0	0	0	0	0
0	2	102	97	101	98	95	8	102	92	10	81	13	101	101	102	101	101	83	0	21	80	0	0	0	0	0	28	73	0	0	0	0	0	0	34	65	32	56	0	41	60	0	0	0	0	0	0	0	0	0	0	0	0	0	0	0	0	0	0	0	0	0	0	0	0	0	0	0	0	0	0	0	0	0	0	0	0	0	0	0	0	0	0	0	0	0	0	0	0	0	0	0	0	0	0	0	0	0	0	0
10	8	92	89	93	88	99	2	92	102	2	91	3	93	91	92	93	91	93	10	11	90	10	10	10	10	10	18	83	10	10	10	10	10	10	26	75	26	66	10	31	70	10	10	10	10	10	10	10	0	0	0	0	0	0	0	0	0	0	0	0	0	0	0	0	0	0	0	0	0	0	0	0	0	0	0	0	0	0	0	0	0	0	0	0	0	0	0	0	0	0	0	0	0	0	0	0	0	0	0	0
92	94	10	15	11	14	5	98	10	2	102	11	99	11	11	10	11	11	9	92	91	12	92	92	92	92	92	84	19	92	92	92	92	92	92	78	27	78	36	92	71	32	92	92	92	92	92	92	92	52	0	0	0	0	0	0	0	0	0	0	0	0	0	0	0	0	0	0	0	0	0	0	0	0	0	0	0	0	0	0	0	0	0	0	0	0	0	0	0	0	0	0	0	0	0	0	0	0	0	0	0
21	19	81	86	82	85	88	13	81	91	11	102	10	82	82	81	82	82	88	21	14	87	21	21	21	21	21	21	80	21	21	21	21	21	21	29	74	33	77	21	32	69	21	21	21	21	21	21	21	6	0	0	0	0	0	0	0	0	0	0	0	0	0	0	0	0	0	0	0	0	0	0	0	0	0	0	0	0	0	0	0	0	0	0	0	0	0	0	0	0	0	0	0	0	0	0	0	0	0	0	0
89	91	13	16	12	17	6	97	13	3	99	10	102	12	14	13	12	14	6	89	94	9	89	89	89	89	89	87	16	89	89	89	89	89	89	79	24	79	33	89	74	29	89	89	89	89	89	89	89	52	0	0	0	0	0	0	0	0	0	0	0	0	0	0	0	0	0	0	0	0	0	0	0	0	0	0	0	0	0	0	0	0	0	0	0	0	0	0	0	0	0	0	0	0	0	0	0	0	0	0	0
1	3	101	98	102	97	96	7	101	93	11	82	12	102	100	101	102	100	84	1	20	81	1	1	1	1	1	27	74	1	1	1	1	1	1	35	66	33	57	1	40	61	1	1	1	1	1	1	1	0	0	0	0	0	0	0	0	0	0	0	0	0	0	0	0	0	0	0	0	0	0	0	0	0	0	0	0	0	0	0	0	0	0	0	0	0	0	0	0	0	0	0	0	0	0	0	0	0	0	0	0
1	3	101	98	100	99	94	9	101	91	11	82	14	100	102	101	100	102	82	1	22	79	1	1	1	1	1	29	72	1	1	1	1	1	1	35	66	33	57	1	40	61	1	1	1	1	1	1	1	0	0	0	0	0	0	0	0	0	0	0	0	0	0	0	0	0	0	0	0	0	0	0	0	0	0	0	0	0	0	0	0	0	0	0	0	0	0	0	0	0	0	0	0	0	0	0	0	0	0	0	0
0	2	102	97	101	98	95	8	102	92	10	81	13	101	101	102	101	101	83	0	21	80	0	0	0	0	0	28	73	0	0	0	0	0	0	34	65	32	56	0	41	60	0	0	0	0	0	0	0	0	0	0	0	0	0	0	0	0	0	0	0	0	0	0	0	0	0	0	0	0	0	0	0	0	0	0	0	0	0	0	0	0	0	0	0	0	0	0	0	0	0	0	0	0	0	0	0	0	0	0	0
1	3	101	98	102	97	96	7	101	93	11	82	12	102	100	101	102	100	84	1	20	81	1	1	1	1	1	27	74	1	1	1	1	1	1	35	66	33	57	1	40	61	1	1	1	1	1	1	1	0	0	0	0	0	0	0	0	0	0	0	0	0	0	0	0	0	0	0	0	0	0	0	0	0	0	0	0	0	0	0	0	0	0	0	0	0	0	0	0	0	0	0	0	0	0	0	0	0	0	0	0
1	3	101	98	100	99	94	9	101	91	11	82	14	100	102	101	100	102	82	1	22	79	1	1	1	1	1	29	72	1	1	1	1	1	1	35	66	33	57	1	40	61	1	1	1	1	1	1	1	0	0	0	0	0	0	0	0	0	0	0	0	0	0	0	0	0	0	0	0	0	0	0	0	0	0	0	0	0	0	0	0	0	0	0	0	0	0	0	0	0	0	0	0	0	0	0	0	0	0	0	0
19	17	83	80	84	79	90	11	83	93	9	88	6	84	82	83	84	82	102	19	2	99	19	19	19	19	19	9	92	19	19	19	19	19	19	17	84	19	75	19	22	79	19	19	19	19	19	19	19	0	0	0	0	0	0	0	0	0	0	0	0	0	0	0	0	0	0	0	0	0	0	0	0	0	0	0	0	0	0	0	0	0	0	0	0	0	0	0	0	0	0	0	0	0	0	0	0	0	0	0	0
102	100	0	5	1	4	7	94	0	10	92	21	89	1	1	0	1	1	19	102	81	22	102	102	102	102	102	74	29	102	102	102	102	102	102	68	37	70	46	102	61	42	102	102	102	102	102	102	102	52	0	0	0	0	0	0	0	0	0	0	0	0	0	0	0	0	0	0	0	0	0	0	0	0	0	0	0	0	0	0	0	0	0	0	0	0	0	0	0	0	0	0	0	0	0	0	0	0	0	0	0
81	83	21	22	20	23	14	89	21	11	91	14	94	20	22	21	20	22	2	81	102	1	81	81	81	81	81	95	8	81	81	81	81	81	81	87	16	83	25	81	82	21	81	81	81	81	81	81	81	52	0	0	0	0	0	0	0	0	0	0	0	0	0	0	0	0	0	0	0	0	0	0	0	0	0	0	0	0	0	0	0	0	0	0	0	0	0	0	0	0	0	0	0	0	0	0	0	0	0	0	0
22	20	80	79	81	78	87	14	80	90	12	87	9	81	79	80	81	79	99	22	1	102	22	22	22	22	22	6	95	22	22	22	22	22	22	14	87	18	78	22	19	82	22	22	22	22	22	22	22	0	0	0	0	0	0	0	0	0	0	0	0	0	0	0	0	0	0	0	0	0	0	0	0	0	0	0	0	0	0	0	0	0	0	0	0	0	0	0	0	0	0	0	0	0	0	0	0	0	0	0	0
102	100	0	5	1	4	7	94	0	10	92	21	89	1	1	0	1	1	19	102	81	22	102	102	102	102	102	74	29	102	102	102	102	102	102	68	37	70	46	102	61	42	102	102	102	102	102	102	102	52	0	0	0	0	0	0	0	0	0	0	0	0	0	0	0	0	0	0	0	0	0	0	0	0	0	0	0	0	0	0	0	0	0	0	0	0	0	0	0	0	0	0	0	0	0	0	0	0	0	0	0
102	100	0	5	1	4	7	94	0	10	92	21	89	1	1	0	1	1	19	102	81	22	102	102	102	102	102	74	29	102	102	102	102	102	102	68	37	70	46	102	61	42	102	102	102	102	102	102	102	52	0	0	0	0	0	0	0	0	0	0	0	0	0	0	0	0	0	0	0	0	0	0	0	0	0	0	0	0	0	0	0	0	0	0	0	0	0	0	0	0	0	0	0	0	0	0	0	0	0	0	0
102	100	0	5	1	4	7	94	0	10	92	21	89	1	1	0	1	1	19	102	81	22	102	102	102	102	102	74	29	102	102	102	102	102	102	68	37	70	46	102	61	42	102	102	102	102	102	102	102	52	0	0	0	0	0	0	0	0	0	0	0	0	0	0	0	0	0	0	0	0	0	0	0	0	0	0	0	0	0	0	0	0	0	0	0	0	0	0	0	0	0	0	0	0	0	0	0	0	0	0	0
102	100	0	5	1	4	7	94	0	10	92	21	89	1	1	0	1	1	19	102	81	22	102	102	102	102	102	74	29	102	102	102	102	102	102	68	37	70	46	102	61	42	102	102	102	102	102	102	102	52	0	0	0	0	0	0	0	0	0	0	0	0	0	0	0	0	0	0	0	0	0	0	0	0	0	0	0	0	0	0	0	0	0	0	0	0	0	0	0	0	0	0	0	0	0	0	0	0	0	0	0
102	100	0	5	1	4	7	94	0	10	92	21	89	1	1	0	1	1	19	102	81	22	102	102	102	102	102	74	29	102	102	102	102	102	102	68	37	70	46	102	61	42	102	102	102	102	102	102	102	52	0	0	0	0	0	0	0	0	0	0	0	0	0	0	0	0	0	0	0	0	0	0	0	0	0	0	0	0	0	0	0	0	0	0	0	0	0	0	0	0	0	0	0	0	0	0	0	0	0	0	0
74	76	28	29	27	30	21	82	28	18	84	21	87	27	29	28	27	29	9	74	95	6	74	74	74	74	74	102	1	74	74	74	74	74	74	94	9	90	18	74	89	14	74	74	74	74	74	74	74	52	0	0	0	0	0	0	0	0	0	0	0	0	0	0	0	0	0	0	0	0	0	0	0	0	0	0	0	0	0	0	0	0	0	0	0	0	0	0	0	0	0	0	0	0	0	0	0	0	0	0	0
29	27	73	72	74	71	80	21	73	83	19	80	16	74	72	73	74	72	92	29	8	95	29	29	29	29	29	1	102	29	29	29	29	29	29	7	94	11	85	29	12	89	29	29	29	29	29	29	29	0	0	0	0	0	0	0	0	0	0	0	0	0	0	0	0	0	0	0	0	0	0	0	0	0	0	0	0	0	0	0	0	0	0	0	0	0	0	0	0	0	0	0	0	0	0	0	0	0	0	0	0
102	100	0	5	1	4	7	94	0	10	92	21	89	1	1	0	1	1	19	102	81	22	102	102	102	102	102	74	29	102	102	102	102	102	102	68	37	70	46	102	61	42	102	102	102	102	102	102	102	52	0	0	0	0	0	0	0	0	0	0	0	0	0	0	0	0	0	0	0	0	0	0	0	0	0	0	0	0	0	0	0	0	0	0	0	0	0	0	0	0	0	0	0	0	0	0	0	0	0	0	0
102	100	0	5	1	4	7	94	0	10	92	21	89	1	1	0	1	1	19	102	81	22	102	102	102	102	102	74	29	102	102	102	102	102	102	68	37	70	46	102	61	42	102	102	102	102	102	102	102	52	0	0	0	0	0	0	0	0	0	0	0	0	0	0	0	0	0	0	0	0	0	0	0	0	0	0	0	0	0	0	0	0	0	0	0	0	0	0	0	0	0	0	0	0	0	0	0	0	0	0	0
102	100	0	5	1	4	7	94	0	10	92	21	89	1	1	0	1	1	19	102	81	22	102	102	102	102	102	74	29	102	102	102	102	102	102	68	37	70	46	102	61	42	102	102	102	102	102	102	102	52	0	0	0	0	0	0	0	0	0	0	0	0	0	0	0	0	0	0	0	0	0	0	0	0	0	0	0	0	0	0	0	0	0	0	0	0	0	0	0	0	0	0	0	0	0	0	0	0	0	0	0
102	100	0	5	1	4	7	94	0	10	92	21	89	1	1	0	1	1	19	102	81	22	102	102	102	102	102	74	29	102	102	102	102	102	102	68	37	70	46	102	61	42	102	102	102	102	102	102	102	52	0	0	0	0	0	0	0	0	0	0	0	0	0	0	0	0	0	0	0	0	0	0	0	0	0	0	0	0	0	0	0	0	0	0	0	0	0	0	0	0	0	0	0	0	0	0	0	0	0	0	0
102	100	0	5	1	4	7	94	0	10	92	21	89	1	1	0	1	1	19	102	81	22	102	102	102	102	102	74	29	102	102	102	102	102	102	68	37	70	46	102	61	42	102	102	102	102	102	102	102	52	0	0	0	0	0	0	0	0	0	0	0	0	0	0	0	0	0	0	0	0	0	0	0	0	0	0	0	0	0	0	0	0	0	0	0	0	0	0	0	0	0	0	0	0	0	0	0	0	0	0	0
102	100	0	5	1	4	7	94	0	10	92	21	89	1	1	0	1	1	19	102	81	22	102	102	102	102	102	74	29	102	102	102	102	102	102	68	37	70	46	102	61	42	102	102	102	102	102	102	102	52	0	0	0	0	0	0	0	0	0	0	0	0	0	0	0	0	0	0	0	0	0	0	0	0	0	0	0	0	0	0	0	0	0	0	0	0	0	0	0	0	0	0	0	0	0	0	0	0	0	0	0
68	70	34	37	35	36	29	74	34	26	78	29	79	35	35	34	35	35	17	68	87	14	68	68	68	68	68	94	7	68	68	68	68	68	68	102	3	98	12	68	95	8	68	68	68	68	68	68	68	52	0	0	0	0	0	0	0	0	0	0	0	0	0	0	0	0	0	0	0	0	0	0	0	0	0	0	0	0	0	0	0	0	0	0	0	0	0	0	0	0	0	0	0	0	0	0	0	0	0	0	0
37	35	65	66	66	65	72	29	65	75	27	74	24	66	66	65	66	66	84	37	16	87	37	37	37	37	37	9	94	37	37	37	37	37	37	3	102	7	93	37	4	97	37	37	37	37	37	37	37	0	0	0	0	0	0	0	0	0	0	0	0	0	0	0	0	0	0	0	0	0	0	0	0	0	0	0	0	0	0	0	0	0	0	0	0	0	0	0	0	0	0	0	0	0	0	0	0	0	0	0	0
70	72	32	37	33	36	29	74	32	26	78	33	79	33	33	32	33	33	19	70	83	18	70	70	70	70	70	90	11	70	70	70	70	70	70	98	7	102	14	70	93	10	70	70	70	70	70	70	70	52	0	0	0	0	0	0	0	0	0	0	0	0	0	0	0	0	0	0	0	0	0	0	0	0	0	0	0	0	0	0	0	0	0	0	0	0	0	0	0	0	0	0	0	0	0	0	0	0	0	0	0
46	44	56	61	57	60	63	38	56	66	36	77	33	57	57	56	57	57	75	46	25	78	46	46	46	46	46	18	85	46	46	46	46	46	46	12	93	14	102	46	9	92	46	46	46	46	46	46	46	7	0	0	0	0	0	0	0	0	0	0	0	0	0	0	0	0	0	0	0	0	0	0	0	0	0	0	0	0	0	0	0	0	0	0	0	0	0	0	0	0	0	0	0	0	0	0	0	0	0	0	0
102	100	0	5	1	4	7	94	0	10	92	21	89	1	1	0	1	1	19	102	81	22	102	102	102	102	102	74	29	102	102	102	102	102	102	68	37	70	46	102	61	42	102	102	102	102	102	102	102	52	0	0	0	0	0	0	0	0	0	0	0	0	0	0	0	0	0	0	0	0	0	0	0	0	0	0	0	0	0	0	0	0	0	0	0	0	0	0	0	0	0	0	0	0	0	0	0	0	0	0	0
61	63	41	40	40	41	34	69	41	31	71	32	74	40	40	41	40	40	22	61	82	19	61	61	61	61	61	89	12	61	61	61	61	61	61	95	4	93	9	61	102	1	61	61	61	61	61	61	61	52	0	0	0	0	0	0	0	0	0	0	0	0	0	0	0	0	0	0	0	0	0	0	0	0	0	0	0	0	0	0	0	0	0	0	0	0	0	0	0	0	0	0	0	0	0	0	0	0	0	0	0
42	40	60	61	61	60	67	34	60	70	32	69	29	61	61	60	61	61	79	42	21	82	42	42	42	42	42	14	89	42	42	42	42	42	42	8	97	10	92	42	1	102	42	42	42	42	42	42	42	0	0	0	0	0	0	0	0	0	0	0	0	0	0	0	0	0	0	0	0	0	0	0	0	0	0	0	0	0	0	0	0	0	0	0	0	0	0	0	0	0	0	0	0	0	0	0	0	0	0	0	0
102	100	0	5	1	4	7	94	0	10	92	21	89	1	1	0	1	1	19	102	81	22	102	102	102	102	102	74	29	102	102	102	102	102	102	68	37	70	46	102	61	42	102	102	102	102	102	102	102	52	0	0	0	0	0	0	0	0	0	0	0	0	0	0	0	0	0	0	0	0	0	0	0	0	0	0	0	0	0	0	0	0	0	0	0	0	0	0	0	0	0	0	0	0	0	0	0	0	0	0	0
102	100	0	5	1	4	7	94	0	10	92	21	89	1	1	0	1	1	19	102	81	22	102	102	102	102	102	74	29	102	102	102	102	102	102	68	37	70	46	102	61	42	102	102	102	102	102	102	102	52	0	0	0	0	0	0	0	0	0	0	0	0	0	0	0	0	0	0	0	0	0	0	0	0	0	0	0	0	0	0	0	0	0	0	0	0	0	0	0	0	0	0	0	0	0	0	0	0	0	0	0
102	100	0	5	1	4	7	94	0	10	92	21	89	1	1	0	1	1	19	102	81	22	102	102	102	102	102	74	29	102	102	102	102	102	102	68	37	70	46	102	61	42	102	102	102	102	102	102	102	52	0	0	0	0	0	0	0	0	0	0	0	0	0	0	0	0	0	0	0	0	0	0	0	0	0	0	0	0	0	0	0	0	0	0	0	0	0	0	0	0	0	0	0	0	0	0	0	0	0	0	0
102	100	0	5	1	4	7	94	0	10	92	21	89	1	1	0	1	1	19	102	81	22	102	102	102	102	102	74	29	102	102	102	102	102	102	68	37	70	46	102	61	42	102	102	102	102	102	102	102	52	0	0	0	0	0	0	0	0	0	0	0	0	0	0	0	0	0	0	0	0	0	0	0	0	0	0	0	0	0	0	0	0	0	0	0	0	0	0	0	0	0	0	0	0	0	0	0	0	0	0	0
102	100	0	5	1	4	7	94	0	10	92	21	89	1	1	0	1	1	19	102	81	22	102	102	102	102	102	74	29	102	102	102	102	102	102	68	37	70	46	102	61	42	102	102	102	102	102	102	102	52	0	0	0	0	0	0	0	0	0	0	0	0	0	0	0	0	0	0	0	0	0	0	0	0	0	0	0	0	0	0	0	0	0	0	0	0	0	0	0	0	0	0	0	0	0	0	0	0	0	0	0
102	100	0	5	1	4	7	94	0	10	92	21	89	1	1	0	1	1	19	102	81	22	102	102	102	102	102	74	29	102	102	102	102	102	102	68	37	70	46	102	61	42	102	102	102	102	102	102	102	52	0	0	0	0	0	0	0	0	0	0	0	0	0	0	0	0	0	0	0	0	0	0	0	0	0	0	0	0	0	0	0	0	0	0	0	0	0	0	0	0	0	0	0	0	0	0	0	0	0	0	0
102	100	0	5	1	4	7	94	0	10	92	21	89	1	1	0	1	1	19	102	81	22	102	102	102	102	102	74	29	102	102	102	102	102	102	68	37	70	46	102	61	42	102	102	102	102	102	102	102	52	0	0	0	0	0	0	0	0	0	0	0	0	0	0	0	0	0	0	0	0	0	0	0	0	0	0	0	0	0	0	0	0	0	0	0	0	0	0	0	0	0	0	0	0	0	0	0	0	0	0	0
52	52	0	2	0	2	0	52	0	0	52	6	52	0	0	0	0	0	0	52	52	0	52	52	52	52	52	52	0	52	52	52	52	52	52	52	0	52	7	52	52	0	52	52	52	52	52	52	52	102	50	0	28	50	0	50	50	0	0	50	0	50	0	0	0	50	0	50	48	50	50	0	50	50	50	50	50	50	50	0	50	50	32	50	50	50	50	50	50	50	0	50	50	50	50	50	50	50	50	50	50
0	0	0	0	0	0	0	0	0	0	0	0	0	0	0	0	0	0	0	0	0	0	0	0	0	0	0	0	0	0	0	0	0	0	0	0	0	0	0	0	0	0	0	0	0	0	0	0	0	50	102	50	30	86	47	56	102	44	0	60	41	62	39	0	0	66	35	68	98	99	102	30	73	102	102	102	102	102	102	22	81	102	74	96	102	102	102	102	102	102	11	92	102	102	102	102	102	102	102	102	102
0	0	0	0	0	0	0	0	0	0	0	0	0	0	0	0	0	0	0	0	0	0	0	0	0	0	0	0	0	0	0	0	0	0	0	0	0	0	0	0	0	0	0	0	0	0	0	0	0	0	50	102	22	34	99	4	50	96	52	8	93	10	91	52	52	14	87	16	50	47	50	82	21	50	50	50	50	50	50	74	29	50	58	44	50	50	50	50	50	50	63	40	50	50	50	50	50	50	50	50	50
0	0	0	0	0	0	0	0	0	0	0	0	0	0	0	0	0	0	0	0	0	0	0	0	0	0	0	0	0	0	0	0	0	0	0	0	0	0	0	0	0	0	0	0	0	0	0	0	0	28	30	22	102	46	25	76	30	28	72	72	31	70	33	72	72	66	37	64	34	33	30	42	59	30	30	30	30	30	30	50	51	30	58	36	30	30	30	30	30	30	61	40	30	30	30	30	30	30	30	30	30
0	0	0	0	0	0	0	0	0	0	0	0	0	0	0	0	0	0	0	0	0	0	0	0	0	0	0	0	0	0	0	0	0	0	0	0	0	0	0	0	0	0	0	0	0	0	0	0	0	50	86	34	46	102	31	72	86	30	16	70	33	70	33	16	16	70	31	72	86	89	86	26	75	86	86	86	86	86	86	24	77	86	76	92	86	86	86	86	86	86	21	80	86	86	86	86	86	86	86	86	86
0	0	0	0	0	0	0	0	0	0	0	0	0	0	0	0	0	0	0	0	0	0	0	0	0	0	0	0	0	0	0	0	0	0	0	0	0	0	0	0	0	0	0	0	0	0	0	0	0	0	47	99	25	31	102	1	47	99	55	5	96	7	94	55	55	11	90	13	47	44	47	85	18	47	47	47	47	47	47	77	26	47	57	41	47	47	47	47	47	47	66	37	47	47	47	47	47	47	47	47	47
0	0	0	0	0	0	0	0	0	0	0	0	0	0	0	0	0	0	0	0	0	0	0	0	0	0	0	0	0	0	0	0	0	0	0	0	0	0	0	0	0	0	0	0	0	0	0	0	0	50	56	4	76	72	1	102	56	2	46	98	5	96	7	46	46	92	11	90	56	59	56	16	85	56	56	56	56	56	56	24	77	56	46	62	56	56	56	56	56	56	35	66	56	56	56	56	56	56	56	56	56
0	0	0	0	0	0	0	0	0	0	0	0	0	0	0	0	0	0	0	0	0	0	0	0	0	0	0	0	0	0	0	0	0	0	0	0	0	0	0	0	0	0	0	0	0	0	0	0	0	50	102	50	30	86	47	56	102	44	0	60	41	62	39	0	0	66	35	68	98	99	102	30	73	102	102	102	102	102	102	22	81	102	74	96	102	102	102	102	102	102	11	92	102	102	102	102	102	102	102	102	102
0	0	0	0	0	0	0	0	0	0	0	0	0	0	0	0	0	0	0	0	0	0	0	0	0	0	0	0	0	0	0	0	0	0	0	0	0	0	0	0	0	0	0	0	0	0	0	0	0	0	44	96	28	30	99	2	44	102	58	2	99	4	97	58	58	8	93	10	46	41	44	88	15	44	44	44	44	44	44	80	23	44	56	38	44	44	44	44	44	44	69	34	44	44	44	44	44	44	44	44	44
0	0	0	0	0	0	0	0	0	0	0	0	0	0	0	0	0	0	0	0	0	0	0	0	0	0	0	0	0	0	0	0	0	0	0	0	0	0	0	0	0	0	0	0	0	0	0	0	0	0	0	52	72	16	55	46	0	58	102	42	61	40	63	102	102	36	67	34	4	3	0	72	29	0	0	0	0	0	0	80	21	0	28	6	0	0	0	0	0	0	91	10	0	0	0	0	0	0	0	0	0
0	0	0	0	0	0	0	0	0	0	0	0	0	0	0	0	0	0	0	0	0	0	0	0	0	0	0	0	0	0	0	0	0	0	0	0	0	0	0	0	0	0	0	0	0	0	0	0	0	50	60	8	72	70	5	98	60	2	42	102	1	100	3	42	42	96	7	94	58	63	60	12	89	60	60	60	60	60	60	20	81	60	44	66	60	60	60	60	60	60	31	70	60	60	60	60	60	60	60	60	60
0	0	0	0	0	0	0	0	0	0	0	0	0	0	0	0	0	0	0	0	0	0	0	0	0	0	0	0	0	0	0	0	0	0	0	0	0	0	0	0	0	0	0	0	0	0	0	0	0	0	41	93	31	33	96	5	41	99	61	1	102	1	100	61	61	5	96	7	43	38	41	91	12	41	41	41	41	41	41	83	20	41	59	35	41	41	41	41	41	41	72	31	41	41	41	41	41	41	41	41	41
0	0	0	0	0	0	0	0	0	0	0	0	0	0	0	0	0	0	0	0	0	0	0	0	0	0	0	0	0	0	0	0	0	0	0	0	0	0	0	0	0	0	0	0	0	0	0	0	0	50	62	10	70	70	7	96	62	4	40	100	1	102	1	40	40	98	5	96	60	65	62	10	91	62	62	62	62	62	62	18	83	62	44	68	62	62	62	62	62	62	29	72	62	62	62	62	62	62	62	62	62
0	0	0	0	0	0	0	0	0	0	0	0	0	0	0	0	0	0	0	0	0	0	0	0	0	0	0	0	0	0	0	0	0	0	0	0	0	0	0	0	0	0	0	0	0	0	0	0	0	0	39	91	33	33	94	7	39	97	63	3	100	1	102	63	63	3	98	5	43	36	39	93	10	39	39	39	39	39	39	85	18	39	59	33	39	39	39	39	39	39	74	29	39	39	39	39	39	39	39	39	39
0	0	0	0	0	0	0	0	0	0	0	0	0	0	0	0	0	0	0	0	0	0	0	0	0	0	0	0	0	0	0	0	0	0	0	0	0	0	0	0	0	0	0	0	0	0	0	0	0	0	0	52	72	16	55	46	0	58	102	42	61	40	63	102	102	36	67	34	4	3	0	72	29	0	0	0	0	0	0	80	21	0	28	6	0	0	0	0	0	0	91	10	0	0	0	0	0	0	0	0	0
0	0	0	0	0	0	0	0	0	0	0	0	0	0	0	0	0	0	0	0	0	0	0	0	0	0	0	0	0	0	0	0	0	0	0	0	0	0	0	0	0	0	0	0	0	0	0	0	0	0	0	52	72	16	55	46	0	58	102	42	61	40	63	102	102	36	67	34	4	3	0	72	29	0	0	0	0	0	0	80	21	0	28	6	0	0	0	0	0	0	91	10	0	0	0	0	0	0	0	0	0
0	0	0	0	0	0	0	0	0	0	0	0	0	0	0	0	0	0	0	0	0	0	0	0	0	0	0	0	0	0	0	0	0	0	0	0	0	0	0	0	0	0	0	0	0	0	0	0	0	50	66	14	66	70	11	92	66	8	36	96	5	98	3	36	36	102	1	100	62	69	66	6	95	66	66	66	66	66	66	14	87	66	46	72	66	66	66	66	66	66	25	76	66	66	66	66	66	66	66	66	66
0	0	0	0	0	0	0	0	0	0	0	0	0	0	0	0	0	0	0	0	0	0	0	0	0	0	0	0	0	0	0	0	0	0	0	0	0	0	0	0	0	0	0	0	0	0	0	0	0	0	35	87	37	31	90	11	35	93	67	7	96	5	98	67	67	1	102	1	39	32	35	97	6	35	35	35	35	35	35	89	14	35	55	29	35	35	35	35	35	35	78	25	35	35	35	35	35	35	35	35	35
0	0	0	0	0	0	0	0	0	0	0	0	0	0	0	0	0	0	0	0	0	0	0	0	0	0	0	0	0	0	0	0	0	0	0	0	0	0	0	0	0	0	0	0	0	0	0	0	0	50	68	16	64	72	13	90	68	10	34	94	7	96	5	34	34	100	1	102	64	71	68	4	97	68	68	68	68	68	68	12	89	68	48	74	68	68	68	68	68	68	23	78	68	68	68	68	68	68	68	68	68
0	0	0	0	0	0	0	0	0	0	0	0	0	0	0	0	0	0	0	0	0	0	0	0	0	0	0	0	0	0	0	0	0	0	0	0	0	0	0	0	0	0	0	0	0	0	0	0	0	48	98	50	34	86	47	56	98	46	4	58	43	60	43	4	4	62	39	64	102	95	98	34	69	98	98	98	98	98	98	26	77	98	78	92	98	98	98	98	98	98	15	88	98	98	98	98	98	98	98	98	98
0	0	0	0	0	0	0	0	0	0	0	0	0	0	0	0	0	0	0	0	0	0	0	0	0	0	0	0	0	0	0	0	0	0	0	0	0	0	0	0	0	0	0	0	0	0	0	0	0	50	99	47	33	89	44	59	99	41	3	63	38	65	36	3	3	69	32	71	95	102	99	27	74	99	99	99	99	99	99	21	82	99	73	97	99	99	99	99	99	99	12	89	99	99	99	99	99	99	99	99	99
0	0	0	0	0	0	0	0	0	0	0	0	0	0	0	0	0	0	0	0	0	0	0	0	0	0	0	0	0	0	0	0	0	0	0	0	0	0	0	0	0	0	0	0	0	0	0	0	0	50	102	50	30	86	47	56	102	44	0	60	41	62	39	0	0	66	35	68	98	99	102	30	73	102	102	102	102	102	102	22	81	102	74	96	102	102	102	102	102	102	11	92	102	102	102	102	102	102	102	102	102
0	0	0	0	0	0	0	0	0	0	0	0	0	0	0	0	0	0	0	0	0	0	0	0	0	0	0	0	0	0	0	0	0	0	0	0	0	0	0	0	0	0	0	0	0	0	0	0	0	0	30	82	42	26	85	16	30	88	72	12	91	10	93	72	72	6	97	4	34	27	30	102	1	30	30	30	30	30	30	94	9	30	50	24	30	30	30	30	30	30	83	20	30	30	30	30	30	30	30	30	30
0	0	0	0	0	0	0	0	0	0	0	0	0	0	0	0	0	0	0	0	0	0	0	0	0	0	0	0	0	0	0	0	0	0	0	0	0	0	0	0	0	0	0	0	0	0	0	0	0	50	73	21	59	75	18	85	73	15	29	89	12	91	10	29	29	95	6	97	69	74	73	1	102	73	73	73	73	73	73	7	94	73	51	79	73	73	73	73	73	73	18	83	73	73	73	73	73	73	73	73	73
0	0	0	0	0	0	0	0	0	0	0	0	0	0	0	0	0	0	0	0	0	0	0	0	0	0	0	0	0	0	0	0	0	0	0	0	0	0	0	0	0	0	0	0	0	0	0	0	0	50	102	50	30	86	47	56	102	44	0	60	41	62	39	0	0	66	35	68	98	99	102	30	73	102	102	102	102	102	102	22	81	102	74	96	102	102	102	102	102	102	11	92	102	102	102	102	102	102	102	102	102
0	0	0	0	0	0	0	0	0	0	0	0	0	0	0	0	0	0	0	0	0	0	0	0	0	0	0	0	0	0	0	0	0	0	0	0	0	0	0	0	0	0	0	0	0	0	0	0	0	50	102	50	30	86	47	56	102	44	0	60	41	62	39	0	0	66	35	68	98	99	102	30	73	102	102	102	102	102	102	22	81	102	74	96	102	102	102	102	102	102	11	92	102	102	102	102	102	102	102	102	102
0	0	0	0	0	0	0	0	0	0	0	0	0	0	0	0	0	0	0	0	0	0	0	0	0	0	0	0	0	0	0	0	0	0	0	0	0	0	0	0	0	0	0	0	0	0	0	0	0	50	102	50	30	86	47	56	102	44	0	60	41	62	39	0	0	66	35	68	98	99	102	30	73	102	102	102	102	102	102	22	81	102	74	96	102	102	102	102	102	102	11	92	102	102	102	102	102	102	102	102	102
0	0	0	0	0	0	0	0	0	0	0	0	0	0	0	0	0	0	0	0	0	0	0	0	0	0	0	0	0	0	0	0	0	0	0	0	0	0	0	0	0	0	0	0	0	0	0	0	0	50	102	50	30	86	47	56	102	44	0	60	41	62	39	0	0	66	35	68	98	99	102	30	73	102	102	102	102	102	102	22	81	102	74	96	102	102	102	102	102	102	11	92	102	102	102	102	102	102	102	102	102
0	0	0	0	0	0	0	0	0	0	0	0	0	0	0	0	0	0	0	0	0	0	0	0	0	0	0	0	0	0	0	0	0	0	0	0	0	0	0	0	0	0	0	0	0	0	0	0	0	50	102	50	30	86	47	56	102	44	0	60	41	62	39	0	0	66	35	68	98	99	102	30	73	102	102	102	102	102	102	22	81	102	74	96	102	102	102	102	102	102	11	92	102	102	102	102	102	102	102	102	102
0	0	0	0	0	0	0	0	0	0	0	0	0	0	0	0	0	0	0	0	0	0	0	0	0	0	0	0	0	0	0	0	0	0	0	0	0	0	0	0	0	0	0	0	0	0	0	0	0	50	102	50	30	86	47	56	102	44	0	60	41	62	39	0	0	66	35	68	98	99	102	30	73	102	102	102	102	102	102	22	81	102	74	96	102	102	102	102	102	102	11	92	102	102	102	102	102	102	102	102	102
0	0	0	0	0	0	0	0	0	0	0	0	0	0	0	0	0	0	0	0	0	0	0	0	0	0	0	0	0	0	0	0	0	0	0	0	0	0	0	0	0	0	0	0	0	0	0	0	0	0	22	74	50	24	77	24	22	80	80	20	83	18	85	80	80	14	89	12	26	21	22	94	7	22	22	22	22	22	22	102	1	22	48	16	22	22	22	22	22	22	91	12	22	22	22	22	22	22	22	22	22
0	0	0	0	0	0	0	0	0	0	0	0	0	0	0	0	0	0	0	0	0	0	0	0	0	0	0	0	0	0	0	0	0	0	0	0	0	0	0	0	0	0	0	0	0	0	0	0	0	50	81	29	51	77	26	77	81	23	21	81	20	83	18	21	21	87	14	89	77	82	81	9	94	81	81	81	81	81	81	1	102	81	53	87	81	81	81	81	81	81	10	91	81	81	81	81	81	81	81	81	81
0	0	0	0	0	0	0	0	0	0	0	0	0	0	0	0	0	0	0	0	0	0	0	0	0	0	0	0	0	0	0	0	0	0	0	0	0	0	0	0	0	0	0	0	0	0	0	0	0	50	102	50	30	86	47	56	102	44	0	60	41	62	39	0	0	66	35	68	98	99	102	30	73	102	102	102	102	102	102	22	81	102	74	96	102	102	102	102	102	102	11	92	102	102	102	102	102	102	102	102	102
0	0	0	0	0	0	0	0	0	0	0	0	0	0	0	0	0	0	0	0	0	0	0	0	0	0	0	0	0	0	0	0	0	0	0	0	0	0	0	0	0	0	0	0	0	0	0	0	0	32	74	58	58	76	57	46	74	56	28	44	59	44	59	28	28	46	55	48	78	73	74	50	51	74	74	74	74	74	74	48	53	74	102	68	74	74	74	74	74	74	39	64	74	74	74	74	74	74	74	74	74
0	0	0	0	0	0	0	0	0	0	0	0	0	0	0	0	0	0	0	0	0	0	0	0	0	0	0	0	0	0	0	0	0	0	0	0	0	0	0	0	0	0	0	0	0	0	0	0	0	50	96	44	36	92	41	62	96	38	6	66	35	68	33	6	6	72	29	74	92	97	96	24	79	96	96	96	96	96	96	16	87	96	68	102	96	96	96	96	96	96	11	90	96	96	96	96	96	96	96	96	96
0	0	0	0	0	0	0	0	0	0	0	0	0	0	0	0	0	0	0	0	0	0	0	0	0	0	0	0	0	0	0	0	0	0	0	0	0	0	0	0	0	0	0	0	0	0	0	0	0	50	102	50	30	86	47	56	102	44	0	60	41	62	39	0	0	66	35	68	98	99	102	30	73	102	102	102	102	102	102	22	81	102	74	96	102	102	102	102	102	102	11	92	102	102	102	102	102	102	102	102	102
0	0	0	0	0	0	0	0	0	0	0	0	0	0	0	0	0	0	0	0	0	0	0	0	0	0	0	0	0	0	0	0	0	0	0	0	0	0	0	0	0	0	0	0	0	0	0	0	0	50	102	50	30	86	47	56	102	44	0	60	41	62	39	0	0	66	35	68	98	99	102	30	73	102	102	102	102	102	102	22	81	102	74	96	102	102	102	102	102	102	11	92	102	102	102	102	102	102	102	102	102
0	0	0	0	0	0	0	0	0	0	0	0	0	0	0	0	0	0	0	0	0	0	0	0	0	0	0	0	0	0	0	0	0	0	0	0	0	0	0	0	0	0	0	0	0	0	0	0	0	50	102	50	30	86	47	56	102	44	0	60	41	62	39	0	0	66	35	68	98	99	102	30	73	102	102	102	102	102	102	22	81	102	74	96	102	102	102	102	102	102	11	92	102	102	102	102	102	102	102	102	102
0	0	0	0	0	0	0	0	0	0	0	0	0	0	0	0	0	0	0	0	0	0	0	0	0	0	0	0	0	0	0	0	0	0	0	0	0	0	0	0	0	0	0	0	0	0	0	0	0	50	102	50	30	86	47	56	102	44	0	60	41	62	39	0	0	66	35	68	98	99	102	30	73	102	102	102	102	102	102	22	81	102	74	96	102	102	102	102	102	102	11	92	102	102	102	102	102	102	102	102	102
0	0	0	0	0	0	0	0	0	0	0	0	0	0	0	0	0	0	0	0	0	0	0	0	0	0	0	0	0	0	0	0	0	0	0	0	0	0	0	0	0	0	0	0	0	0	0	0	0	50	102	50	30	86	47	56	102	44	0	60	41	62	39	0	0	66	35	68	98	99	102	30	73	102	102	102	102	102	102	22	81	102	74	96	102	102	102	102	102	102	11	92	102	102	102	102	102	102	102	102	102
0	0	0	0	0	0	0	0	0	0	0	0	0	0	0	0	0	0	0	0	0	0	0	0	0	0	0	0	0	0	0	0	0	0	0	0	0	0	0	0	0	0	0	0	0	0	0	0	0	50	102	50	30	86	47	56	102	44	0	60	41	62	39	0	0	66	35	68	98	99	102	30	73	102	102	102	102	102	102	22	81	102	74	96	102	102	102	102	102	102	11	92	102	102	102	102	102	102	102	102	102
0	0	0	0	0	0	0	0	0	0	0	0	0	0	0	0	0	0	0	0	0	0	0	0	0	0	0	0	0	0	0	0	0	0	0	0	0	0	0	0	0	0	0	0	0	0	0	0	0	0	11	63	61	21	66	35	11	69	91	31	72	29	74	91	91	25	78	23	15	12	11	83	18	11	11	11	11	11	11	91	10	11	39	11	11	11	11	11	11	11	102	1	11	11	11	11	11	11	11	11	11
0	0	0	0	0	0	0	0	0	0	0	0	0	0	0	0	0	0	0	0	0	0	0	0	0	0	0	0	0	0	0	0	0	0	0	0	0	0	0	0	0	0	0	0	0	0	0	0	0	50	92	40	40	80	37	66	92	34	10	70	31	72	29	10	10	76	25	78	88	89	92	20	83	92	92	92	92	92	92	12	91	92	64	90	92	92	92	92	92	92	1	102	92	92	92	92	92	92	92	92	92
0	0	0	0	0	0	0	0	0	0	0	0	0	0	0	0	0	0	0	0	0	0	0	0	0	0	0	0	0	0	0	0	0	0	0	0	0	0	0	0	0	0	0	0	0	0	0	0	0	50	102	50	30	86	47	56	102	44	0	60	41	62	39	0	0	66	35	68	98	99	102	30	73	102	102	102	102	102	102	22	81	102	74	96	102	102	102	102	102	102	11	92	102	102	102	102	102	102	102	102	102
0	0	0	0	0	0	0	0	0	0	0	0	0	0	0	0	0	0	0	0	0	0	0	0	0	0	0	0	0	0	0	0	0	0	0	0	0	0	0	0	0	0	0	0	0	0	0	0	0	50	102	50	30	86	47	56	102	44	0	60	41	62	39	0	0	66	35	68	98	99	102	30	73	102	102	102	102	102	102	22	81	102	74	96	102	102	102	102	102	102	11	92	102	102	102	102	102	102	102	102	102
0	0	0	0	0	0	0	0	0	0	0	0	0	0	0	0	0	0	0	0	0	0	0	0	0	0	0	0	0	0	0	0	0	0	0	0	0	0	0	0	0	0	0	0	0	0	0	0	0	50	102	50	30	86	47	56	102	44	0	60	41	62	39	0	0	66	35	68	98	99	102	30	73	102	102	102	102	102	102	22	81	102	74	96	102	102	102	102	102	102	11	92	102	102	102	102	102	102	102	102	102
0	0	0	0	0	0	0	0	0	0	0	0	0	0	0	0	0	0	0	0	0	0	0	0	0	0	0	0	0	0	0	0	0	0	0	0	0	0	0	0	0	0	0	0	0	0	0	0	0	50	102	50	30	86	47	56	102	44	0	60	41	62	39	0	0	66	35	68	98	99	102	30	73	102	102	102	102	102	102	22	81	102	74	96	102	102	102	102	102	102	11	92	102	102	102	102	102	102	102	102	102
0	0	0	0	0	0	0	0	0	0	0	0	0	0	0	0	0	0	0	0	0	0	0	0	0	0	0	0	0	0	0	0	0	0	0	0	0	0	0	0	0	0	0	0	0	0	0	0	0	50	102	50	30	86	47	56	102	44	0	60	41	62	39	0	0	66	35	68	98	99	102	30	73	102	102	102	102	102	102	22	81	102	74	96	102	102	102	102	102	102	11	92	102	102	102	102	102	102	102	102	102
0	0	0	0	0	0	0	0	0	0	0	0	0	0	0	0	0	0	0	0	0	0	0	0	0	0	0	0	0	0	0	0	0	0	0	0	0	0	0	0	0	0	0	0	0	0	0	0	0	50	102	50	30	86	47	56	102	44	0	60	41	62	39	0	0	66	35	68	98	99	102	30	73	102	102	102	102	102	102	22	81	102	74	96	102	102	102	102	102	102	11	92	102	102	102	102	102	102	102	102	102
0	0	0	0	0	0	0	0	0	0	0	0	0	0	0	0	0	0	0	0	0	0	0	0	0	0	0	0	0	0	0	0	0	0	0	0	0	0	0	0	0	0	0	0	0	0	0	0	0	50	102	50	30	86	47	56	102	44	0	60	41	62	39	0	0	66	35	68	98	99	102	30	73	102	102	102	102	102	102	22	81	102	74	96	102	102	102	102	102	102	11	92	102	102	102	102	102	102	102	102	102
0	0	0	0	0	0	0	0	0	0	0	0	0	0	0	0	0	0	0	0	0	0	0	0	0	0	0	0	0	0	0	0	0	0	0	0	0	0	0	0	0	0	0	0	0	0	0	0	0	50	102	50	30	86	47	56	102	44	0	60	41	62	39	0	0	66	35	68	98	99	102	30	73	102	102	102	102	102	102	22	81	102	74	96	102	102	102	102	102	102	11	92	102	102	102	102	102	102	102	102	102
0	0	0	0	0	0	0	0	0	0	0	0	0	0	0	0	0	0	0	0	0	0	0	0	0	0	0	0	0	0	0	0	0	0	0	0	0	0	0	0	0	0	0	0	0	0	0	0	0	50	102	50	30	86	47	56	102	44	0	60	41	62	39	0	0	66	35	68	98	99	102	30	73	102	102	102	102	102	102	22	81	102	74	96	102	102	102	102	102	102	11	92	102	102	102	102	102	102	102	102	102
